status,error,exercise,strategy,call1_model,language,variation,embedding_model,threshold,judge_model,judge_low_threshold,judge_high_threshold,ground_truth_subquestions,prediction_subquestions,D1_mean_best_score,D1_coverage,D1_precision,D1_f1,D3_mean_best_score,D3_coverage,D3_precision,D3_f1,D4_mean_best_score,D4_coverage,D4_precision,D4_f1,D2_order_score,D2_order_coverage,D2_strict_order_score,D2_total_constraints,D2_respected_constraints,D2_violated_constraints,D2_unmatched_constraints,overall_mean_score,overall_with_D2_score,prediction_path,ground_truth_path,output_dir
ok,,pc2_q1,self,deepseek-r1-1.5b,en,role_student,sentence-transformers/all-MiniLM-L6-v2,0.375000,llama3.1:8b,0.300000,1.000000,2,2,0.190484,0.000000,0.000000,0.000000,0.377852,0.100000,0.500000,0.166667,0.317648,0.100000,0.500000,0.166667,0.000000,0.000000,0.000000,6,0,0,6,0.295328,0.221496,/home/xinyi.liang/dev_python/llmaths/project/outputs/selected_responses/deepseek-r1-1.5b/en/role_student/pc2_q1_self.yaml,/home/xinyi.liang/dev_python/llmaths/project/data/ground_truth/en/pc2_q1.yaml,/home/xinyi.liang/dev_python/llmaths/project/outputs/evaluation/parsed_responses/en/role_student/with_judge/matrices/deepseek-r1-1.5b/pc2_q1_self
ok,,pc4_q4,acc,deepseek-r1-1.5b,en,role_student,sentence-transformers/all-MiniLM-L6-v2,0.375000,llama3.1:8b,0.300000,1.000000,2,2,1.000000,1.000000,1.000000,1.000000,0.000000,0.000000,0.000000,0.000000,0.722222,0.555556,1.000000,0.714286,1.000000,1.000000,1.000000,0,0,0,0,0.574074,0.680556,/home/xinyi.liang/dev_python/llmaths/project/outputs/selected_responses/deepseek-r1-1.5b/en/role_student/pc4_q4_acc.yaml,/home/xinyi.liang/dev_python/llmaths/project/data/ground_truth/en/pc4_q4.yaml,/home/xinyi.liang/dev_python/llmaths/project/outputs/evaluation/parsed_responses/en/role_student/with_judge/matrices/deepseek-r1-1.5b/pc4_q4_acc
ok,,pc4_q4,gtf,deepseek-r1-1.5b,en,role_student,sentence-transformers/all-MiniLM-L6-v2,0.375000,llama3.1:8b,0.300000,1.000000,2,2,0.500000,0.500000,0.500000,0.500000,0.500000,0.500000,0.500000,0.500000,0.277778,0.222222,0.500000,0.307692,1.000000,1.000000,1.000000,0,0,0,0,0.425926,0.569444,/home/xinyi.liang/dev_python/llmaths/project/outputs/selected_responses/deepseek-r1-1.5b/en/role_student/pc4_q4_gtf.yaml,/home/xinyi.liang/dev_python/llmaths/project/data/ground_truth/en/pc4_q4.yaml,/home/xinyi.liang/dev_python/llmaths/project/outputs/evaluation/parsed_responses/en/role_student/with_judge/matrices/deepseek-r1-1.5b/pc4_q4_gtf
ok,,pc4_q4,self,deepseek-r1-1.5b,en,role_student,sentence-transformers/all-MiniLM-L6-v2,0.375000,llama3.1:8b,0.300000,1.000000,2,2,0.500000,0.500000,0.500000,0.500000,-0.020298,0.000000,0.000000,0.000000,0.666667,0.555556,1.000000,0.714286,1.000000,1.000000,1.000000,0,0,0,0,0.382123,0.536592,/home/xinyi.liang/dev_python/llmaths/project/outputs/selected_responses/deepseek-r1-1.5b/en/role_student/pc4_q4_self.yaml,/home/xinyi.liang/dev_python/llmaths/project/data/ground_truth/en/pc4_q4.yaml,/home/xinyi.liang/dev_python/llmaths/project/outputs/evaluation/parsed_responses/en/role_student/with_judge/matrices/deepseek-r1-1.5b/pc4_q4_self
ok,,pc2_q1,acc,deepseek-r1-7b,en,role_student,sentence-transformers/all-MiniLM-L6-v2,0.375000,llama3.1:8b,0.300000,1.000000,2,2,0.324065,0.200000,0.272727,0.230769,0.384919,0.100000,0.090909,0.095238,0.383825,0.200000,1.000000,0.333333,0.000000,0.000000,0.000000,6,0,0,6,0.364270,0.273202,/home/xinyi.liang/dev_python/llmaths/project/outputs/selected_responses/deepseek-r1-7b/en/role_student/pc2_q1_acc.yaml,/home/xinyi.liang/dev_python/llmaths/project/data/ground_truth/en/pc2_q1.yaml,/home/xinyi.liang/dev_python/llmaths/project/outputs/evaluation/parsed_responses/en/role_student/with_judge/matrices/deepseek-r1-7b/pc2_q1_acc
ok,,pc2_q1,gtf,deepseek-r1-7b,en,role_student,sentence-transformers/all-MiniLM-L6-v2,0.375000,llama3.1:8b,0.300000,1.000000,2,2,0.323860,0.200000,0.500000,0.285714,0.205561,0.000000,0.000000,0.000000,0.105070,0.000000,0.000000,0.000000,0.000000,0.166667,0.000000,6,0,1,5,0.211497,0.158623,/home/xinyi.liang/dev_python/llmaths/project/outputs/selected_responses/deepseek-r1-7b/en/role_student/pc2_q1_gtf.yaml,/home/xinyi.liang/dev_python/llmaths/project/data/ground_truth/en/pc2_q1.yaml,/home/xinyi.liang/dev_python/llmaths/project/outputs/evaluation/parsed_responses/en/role_student/with_judge/matrices/deepseek-r1-7b/pc2_q1_gtf
ok,,pc2_q1,self,deepseek-r1-7b,en,role_student,sentence-transformers/all-MiniLM-L6-v2,0.375000,llama3.1:8b,0.300000,1.000000,2,2,0.261155,0.100000,0.500000,0.166667,0.200448,0.000000,0.000000,0.000000,0.363677,0.150000,1.000000,0.260870,0.000000,0.000000,0.000000,6,0,0,6,0.275093,0.206320,/home/xinyi.liang/dev_python/llmaths/project/outputs/selected_responses/deepseek-r1-7b/en/role_student/pc2_q1_self.yaml,/home/xinyi.liang/dev_python/llmaths/project/data/ground_truth/en/pc2_q1.yaml,/home/xinyi.liang/dev_python/llmaths/project/outputs/evaluation/parsed_responses/en/role_student/with_judge/matrices/deepseek-r1-7b/pc2_q1_self
ok,,pc2_q1,seq,deepseek-r1-7b,en,role_student,sentence-transformers/all-MiniLM-L6-v2,0.375000,llama3.1:8b,0.300000,1.000000,2,2,0.261155,0.100000,0.500000,0.166667,0.213924,0.000000,0.000000,0.000000,0.367054,0.150000,1.000000,0.260870,0.000000,0.000000,0.000000,6,0,0,6,0.280711,0.210533,/home/xinyi.liang/dev_python/llmaths/project/outputs/selected_responses/deepseek-r1-7b/en/role_student/pc2_q1_seq.yaml,/home/xinyi.liang/dev_python/llmaths/project/data/ground_truth/en/pc2_q1.yaml,/home/xinyi.liang/dev_python/llmaths/project/outputs/evaluation/parsed_responses/en/role_student/with_judge/matrices/deepseek-r1-7b/pc2_q1_seq
ok,,pc4_q4,acc,deepseek-r1-7b,en,role_student,sentence-transformers/all-MiniLM-L6-v2,0.375000,llama3.1:8b,0.300000,1.000000,2,2,0.500000,0.500000,0.500000,0.500000,0.395427,0.000000,0.000000,0.000000,0.444444,0.444444,1.000000,0.615385,1.000000,1.000000,1.000000,0,0,0,0,0.446624,0.584968,/home/xinyi.liang/dev_python/llmaths/project/outputs/selected_responses/deepseek-r1-7b/en/role_student/pc4_q4_acc.yaml,/home/xinyi.liang/dev_python/llmaths/project/data/ground_truth/en/pc4_q4.yaml,/home/xinyi.liang/dev_python/llmaths/project/outputs/evaluation/parsed_responses/en/role_student/with_judge/matrices/deepseek-r1-7b/pc4_q4_acc
ok,,pc4_q4,gtf,deepseek-r1-7b,en,role_student,sentence-transformers/all-MiniLM-L6-v2,0.375000,llama3.1:8b,0.300000,1.000000,2,2,0.500000,0.500000,0.500000,0.500000,0.750000,0.500000,0.500000,0.500000,0.666667,0.555556,1.000000,0.714286,1.000000,1.000000,1.000000,0,0,0,0,0.638889,0.729167,/home/xinyi.liang/dev_python/llmaths/project/outputs/selected_responses/deepseek-r1-7b/en/role_student/pc4_q4_gtf.yaml,/home/xinyi.liang/dev_python/llmaths/project/data/ground_truth/en/pc4_q4.yaml,/home/xinyi.liang/dev_python/llmaths/project/outputs/evaluation/parsed_responses/en/role_student/with_judge/matrices/deepseek-r1-7b/pc4_q4_gtf
ok,,pc4_q4,self,deepseek-r1-7b,en,role_student,sentence-transformers/all-MiniLM-L6-v2,0.375000,llama3.1:8b,0.300000,1.000000,2,2,0.500000,0.500000,0.500000,0.500000,0.500000,0.000000,0.000000,0.000000,0.555556,0.444444,1.000000,0.615385,1.000000,1.000000,1.000000,0,0,0,0,0.518519,0.638889,/home/xinyi.liang/dev_python/llmaths/project/outputs/selected_responses/deepseek-r1-7b/en/role_student/pc4_q4_self.yaml,/home/xinyi.liang/dev_python/llmaths/project/data/ground_truth/en/pc4_q4.yaml,/home/xinyi.liang/dev_python/llmaths/project/outputs/evaluation/parsed_responses/en/role_student/with_judge/matrices/deepseek-r1-7b/pc4_q4_self
ok,,pc4_q4,seq,deepseek-r1-7b,en,role_student,sentence-transformers/all-MiniLM-L6-v2,0.375000,llama3.1:8b,0.300000,1.000000,2,2,0.000000,0.000000,0.000000,0.000000,0.229702,0.000000,0.000000,0.000000,0.555556,0.555556,1.000000,0.714286,1.000000,1.000000,1.000000,0,0,0,0,0.261753,0.446314,/home/xinyi.liang/dev_python/llmaths/project/outputs/selected_responses/deepseek-r1-7b/en/role_student/pc4_q4_seq.yaml,/home/xinyi.liang/dev_python/llmaths/project/data/ground_truth/en/pc4_q4.yaml,/home/xinyi.liang/dev_python/llmaths/project/outputs/evaluation/parsed_responses/en/role_student/with_judge/matrices/deepseek-r1-7b/pc4_q4_seq
ok,,pc2_q1,acc,llama3.1-8b,en,role_student,sentence-transformers/all-MiniLM-L6-v2,0.375000,llama3.1:8b,0.300000,1.000000,2,2,0.618454,0.500000,0.600000,0.545455,0.298657,0.200000,0.600000,0.300000,0.464659,0.300000,0.600000,0.400000,1.000000,0.333333,0.333333,6,2,0,4,0.460590,0.428776,/home/xinyi.liang/dev_python/llmaths/project/outputs/selected_responses/llama3.1-8b/en/role_student/pc2_q1_acc.yaml,/home/xinyi.liang/dev_python/llmaths/project/data/ground_truth/en/pc2_q1.yaml,/home/xinyi.liang/dev_python/llmaths/project/outputs/evaluation/parsed_responses/en/role_student/with_judge/matrices/llama3.1-8b/pc2_q1_acc
ok,,pc2_q1,gtf,llama3.1-8b,en,role_student,sentence-transformers/all-MiniLM-L6-v2,0.375000,llama3.1:8b,0.300000,1.000000,2,2,0.828020,0.800000,0.636364,0.708861,0.228763,0.200000,1.000000,0.333333,0.593122,0.400000,0.727273,0.516129,1.000000,0.833333,0.833333,6,5,0,1,0.549968,0.620810,/home/xinyi.liang/dev_python/llmaths/project/outputs/selected_responses/llama3.1-8b/en/role_student/pc2_q1_gtf.yaml,/home/xinyi.liang/dev_python/llmaths/project/data/ground_truth/en/pc2_q1.yaml,/home/xinyi.liang/dev_python/llmaths/project/outputs/evaluation/parsed_responses/en/role_student/with_judge/matrices/llama3.1-8b/pc2_q1_gtf
ok,,pc2_q1,self,llama3.1-8b,en,role_student,sentence-transformers/all-MiniLM-L6-v2,0.375000,llama3.1:8b,0.300000,1.000000,2,2,0.366606,0.300000,0.333333,0.315789,0.193520,0.100000,0.333333,0.153846,0.331964,0.150000,0.333333,0.206897,0.000000,0.000000,0.000000,6,0,0,6,0.297363,0.223023,/home/xinyi.liang/dev_python/llmaths/project/outputs/selected_responses/llama3.1-8b/en/role_student/pc2_q1_self.yaml,/home/xinyi.liang/dev_python/llmaths/project/data/ground_truth/en/pc2_q1.yaml,/home/xinyi.liang/dev_python/llmaths/project/outputs/evaluation/parsed_responses/en/role_student/with_judge/matrices/llama3.1-8b/pc2_q1_self
ok,,pc2_q1,seq,llama3.1-8b,en,role_student,sentence-transformers/all-MiniLM-L6-v2,0.375000,llama3.1:8b,0.300000,1.000000,2,2,0.491283,0.200000,0.300000,0.240000,0.526987,0.400000,0.400000,0.400000,0.589825,0.350000,0.900000,0.504000,1.000000,0.333333,0.333333,6,2,0,4,0.536031,0.485357,/home/xinyi.liang/dev_python/llmaths/project/outputs/selected_responses/llama3.1-8b/en/role_student/pc2_q1_seq.yaml,/home/xinyi.liang/dev_python/llmaths/project/data/ground_truth/en/pc2_q1.yaml,/home/xinyi.liang/dev_python/llmaths/project/outputs/evaluation/parsed_responses/en/role_student/with_judge/matrices/llama3.1-8b/pc2_q1_seq
ok,,pc4_q4,acc,llama3.1-8b,en,role_student,sentence-transformers/all-MiniLM-L6-v2,0.375000,llama3.1:8b,0.300000,1.000000,2,2,0.500000,0.500000,0.500000,0.500000,0.229702,0.000000,0.000000,0.000000,0.444444,0.444444,1.000000,0.615385,1.000000,1.000000,1.000000,0,0,0,0,0.391382,0.543537,/home/xinyi.liang/dev_python/llmaths/project/outputs/selected_responses/llama3.1-8b/en/role_student/pc4_q4_acc.yaml,/home/xinyi.liang/dev_python/llmaths/project/data/ground_truth/en/pc4_q4.yaml,/home/xinyi.liang/dev_python/llmaths/project/outputs/evaluation/parsed_responses/en/role_student/with_judge/matrices/llama3.1-8b/pc4_q4_acc
ok,,pc4_q4,gtf,llama3.1-8b,en,role_student,sentence-transformers/all-MiniLM-L6-v2,0.375000,llama3.1:8b,0.300000,1.000000,2,2,0.500000,0.500000,0.500000,0.500000,0.218563,0.000000,0.000000,0.000000,0.281165,0.222222,0.500000,0.307692,1.000000,1.000000,1.000000,0,0,0,0,0.333243,0.499932,/home/xinyi.liang/dev_python/llmaths/project/outputs/selected_responses/llama3.1-8b/en/role_student/pc4_q4_gtf.yaml,/home/xinyi.liang/dev_python/llmaths/project/data/ground_truth/en/pc4_q4.yaml,/home/xinyi.liang/dev_python/llmaths/project/outputs/evaluation/parsed_responses/en/role_student/with_judge/matrices/llama3.1-8b/pc4_q4_gtf
ok,,pc4_q4,self,llama3.1-8b,en,role_student,sentence-transformers/all-MiniLM-L6-v2,0.375000,llama3.1:8b,0.300000,1.000000,2,2,1.000000,1.000000,1.000000,1.000000,-0.051735,0.000000,0.000000,0.000000,0.500000,0.444444,1.000000,0.615385,1.000000,1.000000,1.000000,0,0,0,0,0.482755,0.612066,/home/xinyi.liang/dev_python/llmaths/project/outputs/selected_responses/llama3.1-8b/en/role_student/pc4_q4_self.yaml,/home/xinyi.liang/dev_python/llmaths/project/data/ground_truth/en/pc4_q4.yaml,/home/xinyi.liang/dev_python/llmaths/project/outputs/evaluation/parsed_responses/en/role_student/with_judge/matrices/llama3.1-8b/pc4_q4_self
ok,,pc4_q4,seq,llama3.1-8b,en,role_student,sentence-transformers/all-MiniLM-L6-v2,0.375000,llama3.1:8b,0.300000,1.000000,2,2,0.608425,0.500000,0.500000,0.500000,0.218563,0.000000,0.000000,0.000000,0.444444,0.444444,1.000000,0.615385,1.000000,1.000000,1.000000,0,0,0,0,0.423811,0.567858,/home/xinyi.liang/dev_python/llmaths/project/outputs/selected_responses/llama3.1-8b/en/role_student/pc4_q4_seq.yaml,/home/xinyi.liang/dev_python/llmaths/project/data/ground_truth/en/pc4_q4.yaml,/home/xinyi.liang/dev_python/llmaths/project/outputs/evaluation/parsed_responses/en/role_student/with_judge/matrices/llama3.1-8b/pc4_q4_seq
ok,,pc2_q1,acc,llama3.2-1b,en,role_student,sentence-transformers/all-MiniLM-L6-v2,0.375000,llama3.1:8b,0.300000,1.000000,2,2,0.467442,0.400000,0.750000,0.521739,0.270019,0.000000,0.000000,0.000000,0.550491,0.300000,0.250000,0.272727,0.000000,0.000000,0.000000,6,0,0,6,0.429317,0.321988,/home/xinyi.liang/dev_python/llmaths/project/outputs/selected_responses/llama3.2-1b/en/role_student/pc2_q1_acc.yaml,/home/xinyi.liang/dev_python/llmaths/project/data/ground_truth/en/pc2_q1.yaml,/home/xinyi.liang/dev_python/llmaths/project/outputs/evaluation/parsed_responses/en/role_student/with_judge/matrices/llama3.2-1b/pc2_q1_acc
ok,,pc2_q1,gtf,llama3.2-1b,en,role_student,sentence-transformers/all-MiniLM-L6-v2,0.375000,llama3.1:8b,0.300000,1.000000,2,2,0.511854,0.300000,0.181818,0.226415,0.265593,0.100000,0.181818,0.129032,0.696709,0.500000,0.363636,0.421053,0.000000,0.000000,0.000000,6,0,0,6,0.491385,0.368539,/home/xinyi.liang/dev_python/llmaths/project/outputs/selected_responses/llama3.2-1b/en/role_student/pc2_q1_gtf.yaml,/home/xinyi.liang/dev_python/llmaths/project/data/ground_truth/en/pc2_q1.yaml,/home/xinyi.liang/dev_python/llmaths/project/outputs/evaluation/parsed_responses/en/role_student/with_judge/matrices/llama3.2-1b/pc2_q1_gtf
ok,,pc2_q1,self,llama3.2-1b,en,role_student,sentence-transformers/all-MiniLM-L6-v2,0.375000,llama3.1:8b,0.300000,1.000000,2,2,0.368409,0.200000,1.000000,0.333333,0.248803,0.000000,0.000000,0.000000,0.169425,0.000000,0.000000,0.000000,0.000000,0.000000,0.000000,6,0,0,6,0.262212,0.196659,/home/xinyi.liang/dev_python/llmaths/project/outputs/selected_responses/llama3.2-1b/en/role_student/pc2_q1_self.yaml,/home/xinyi.liang/dev_python/llmaths/project/data/ground_truth/en/pc2_q1.yaml,/home/xinyi.liang/dev_python/llmaths/project/outputs/evaluation/parsed_responses/en/role_student/with_judge/matrices/llama3.2-1b/pc2_q1_self
ok,,pc2_q1,seq,llama3.2-1b,en,role_student,sentence-transformers/all-MiniLM-L6-v2,0.375000,llama3.1:8b,0.300000,1.000000,2,2,0.323088,0.200000,1.000000,0.333333,0.228763,0.200000,1.000000,0.333333,0.286079,0.100000,0.500000,0.166667,0.000000,0.000000,0.000000,6,0,0,6,0.279310,0.209482,/home/xinyi.liang/dev_python/llmaths/project/outputs/selected_responses/llama3.2-1b/en/role_student/pc2_q1_seq.yaml,/home/xinyi.liang/dev_python/llmaths/project/data/ground_truth/en/pc2_q1.yaml,/home/xinyi.liang/dev_python/llmaths/project/outputs/evaluation/parsed_responses/en/role_student/with_judge/matrices/llama3.2-1b/pc2_q1_seq
ok,,pc4_q4,acc,llama3.2-1b,en,role_student,sentence-transformers/all-MiniLM-L6-v2,0.375000,llama3.1:8b,0.300000,1.000000,2,2,1.000000,1.000000,0.285714,0.444444,-0.011879,0.000000,0.000000,0.000000,0.722222,0.666667,0.571429,0.615385,1.000000,1.000000,1.000000,0,0,0,0,0.570115,0.677586,/home/xinyi.liang/dev_python/llmaths/project/outputs/selected_responses/llama3.2-1b/en/role_student/pc4_q4_acc.yaml,/home/xinyi.liang/dev_python/llmaths/project/data/ground_truth/en/pc4_q4.yaml,/home/xinyi.liang/dev_python/llmaths/project/outputs/evaluation/parsed_responses/en/role_student/with_judge/matrices/llama3.2-1b/pc4_q4_acc
ok,,pc4_q4,gtf,llama3.2-1b,en,role_student,sentence-transformers/all-MiniLM-L6-v2,0.375000,llama3.1:8b,0.300000,1.000000,2,2,0.000000,0.000000,0.000000,0.000000,-0.051735,0.000000,0.000000,0.000000,0.611111,0.555556,1.000000,0.714286,1.000000,1.000000,1.000000,0,0,0,0,0.186459,0.389844,/home/xinyi.liang/dev_python/llmaths/project/outputs/selected_responses/llama3.2-1b/en/role_student/pc4_q4_gtf.yaml,/home/xinyi.liang/dev_python/llmaths/project/data/ground_truth/en/pc4_q4.yaml,/home/xinyi.liang/dev_python/llmaths/project/outputs/evaluation/parsed_responses/en/role_student/with_judge/matrices/llama3.2-1b/pc4_q4_gtf
ok,,pc4_q4,self,llama3.2-1b,en,role_student,sentence-transformers/all-MiniLM-L6-v2,0.375000,llama3.1:8b,0.300000,1.000000,2,2,0.000000,0.000000,0.000000,0.000000,-0.051735,0.000000,0.000000,0.000000,0.444444,0.444444,1.000000,0.615385,1.000000,1.000000,1.000000,0,0,0,0,0.130903,0.348177,/home/xinyi.liang/dev_python/llmaths/project/outputs/selected_responses/llama3.2-1b/en/role_student/pc4_q4_self.yaml,/home/xinyi.liang/dev_python/llmaths/project/data/ground_truth/en/pc4_q4.yaml,/home/xinyi.liang/dev_python/llmaths/project/outputs/evaluation/parsed_responses/en/role_student/with_judge/matrices/llama3.2-1b/pc4_q4_self
ok,,pc4_q4,seq,llama3.2-1b,en,role_student,sentence-transformers/all-MiniLM-L6-v2,0.375000,llama3.1:8b,0.300000,1.000000,2,2,0.000000,0.000000,0.000000,0.000000,-0.051735,0.000000,0.000000,0.000000,0.444444,0.444444,0.500000,0.470588,1.000000,1.000000,1.000000,0,0,0,0,0.130903,0.348177,/home/xinyi.liang/dev_python/llmaths/project/outputs/selected_responses/llama3.2-1b/en/role_student/pc4_q4_seq.yaml,/home/xinyi.liang/dev_python/llmaths/project/data/ground_truth/en/pc4_q4.yaml,/home/xinyi.liang/dev_python/llmaths/project/outputs/evaluation/parsed_responses/en/role_student/with_judge/matrices/llama3.2-1b/pc4_q4_seq
ok,,pc2_q1,acc,qwen2.5-coder-0.5b,en,role_student,sentence-transformers/all-MiniLM-L6-v2,0.375000,llama3.1:8b,0.300000,1.000000,2,2,0.359518,0.200000,1.000000,0.333333,0.272119,0.100000,0.500000,0.166667,0.169425,0.000000,0.000000,0.000000,0.000000,0.000000,0.000000,6,0,0,6,0.267021,0.200265,/home/xinyi.liang/dev_python/llmaths/project/outputs/selected_responses/qwen2.5-coder-0.5b/en/role_student/pc2_q1_acc.yaml,/home/xinyi.liang/dev_python/llmaths/project/data/ground_truth/en/pc2_q1.yaml,/home/xinyi.liang/dev_python/llmaths/project/outputs/evaluation/parsed_responses/en/role_student/with_judge/matrices/qwen2.5-coder-0.5b/pc2_q1_acc
ok,,pc2_q1,gtf,qwen2.5-coder-0.5b,en,role_student,sentence-transformers/all-MiniLM-L6-v2,0.375000,llama3.1:8b,0.300000,1.000000,2,2,0.392786,0.200000,0.333333,0.250000,0.205677,0.100000,0.666667,0.173913,0.250936,0.050000,0.333333,0.086957,1.000000,0.166667,0.166667,6,1,0,5,0.283133,0.254017,/home/xinyi.liang/dev_python/llmaths/project/outputs/selected_responses/qwen2.5-coder-0.5b/en/role_student/pc2_q1_gtf.yaml,/home/xinyi.liang/dev_python/llmaths/project/data/ground_truth/en/pc2_q1.yaml,/home/xinyi.liang/dev_python/llmaths/project/outputs/evaluation/parsed_responses/en/role_student/with_judge/matrices/qwen2.5-coder-0.5b/pc2_q1_gtf
ok,,pc2_q1,self,qwen2.5-coder-0.5b,en,role_student,sentence-transformers/all-MiniLM-L6-v2,0.375000,llama3.1:8b,0.300000,1.000000,2,2,0.212643,0.100000,0.500000,0.166667,0.239771,0.100000,0.500000,0.166667,0.310471,0.150000,0.500000,0.230769,1.000000,0.166667,0.166667,6,1,0,5,0.254295,0.232388,/home/xinyi.liang/dev_python/llmaths/project/outputs/selected_responses/qwen2.5-coder-0.5b/en/role_student/pc2_q1_self.yaml,/home/xinyi.liang/dev_python/llmaths/project/data/ground_truth/en/pc2_q1.yaml,/home/xinyi.liang/dev_python/llmaths/project/outputs/evaluation/parsed_responses/en/role_student/with_judge/matrices/qwen2.5-coder-0.5b/pc2_q1_self
ok,,pc2_q1,seq,qwen2.5-coder-0.5b,en,role_student,sentence-transformers/all-MiniLM-L6-v2,0.375000,llama3.1:8b,0.300000,1.000000,2,2,0.360054,0.200000,0.500000,0.285714,0.255949,0.100000,0.250000,0.142857,0.333124,0.150000,1.000000,0.260870,0.000000,0.000000,0.000000,6,0,0,6,0.316375,0.237282,/home/xinyi.liang/dev_python/llmaths/project/outputs/selected_responses/qwen2.5-coder-0.5b/en/role_student/pc2_q1_seq.yaml,/home/xinyi.liang/dev_python/llmaths/project/data/ground_truth/en/pc2_q1.yaml,/home/xinyi.liang/dev_python/llmaths/project/outputs/evaluation/parsed_responses/en/role_student/with_judge/matrices/qwen2.5-coder-0.5b/pc2_q1_seq
ok,,pc4_q4,acc,qwen2.5-coder-0.5b,en,role_student,sentence-transformers/all-MiniLM-L6-v2,0.375000,llama3.1:8b,0.300000,1.000000,2,2,0.250000,0.000000,0.000000,0.000000,-0.051735,0.000000,0.000000,0.000000,0.444444,0.444444,1.000000,0.615385,1.000000,1.000000,1.000000,0,0,0,0,0.214236,0.410677,/home/xinyi.liang/dev_python/llmaths/project/outputs/selected_responses/qwen2.5-coder-0.5b/en/role_student/pc4_q4_acc.yaml,/home/xinyi.liang/dev_python/llmaths/project/data/ground_truth/en/pc4_q4.yaml,/home/xinyi.liang/dev_python/llmaths/project/outputs/evaluation/parsed_responses/en/role_student/with_judge/matrices/qwen2.5-coder-0.5b/pc4_q4_acc
ok,,pc4_q4,gtf,qwen2.5-coder-0.5b,en,role_student,sentence-transformers/all-MiniLM-L6-v2,0.375000,llama3.1:8b,0.300000,1.000000,2,2,0.500000,0.500000,0.500000,0.500000,-0.051735,0.000000,0.000000,0.000000,0.611111,0.555556,1.000000,0.714286,1.000000,1.000000,1.000000,0,0,0,0,0.353125,0.514844,/home/xinyi.liang/dev_python/llmaths/project/outputs/selected_responses/qwen2.5-coder-0.5b/en/role_student/pc4_q4_gtf.yaml,/home/xinyi.liang/dev_python/llmaths/project/data/ground_truth/en/pc4_q4.yaml,/home/xinyi.liang/dev_python/llmaths/project/outputs/evaluation/parsed_responses/en/role_student/with_judge/matrices/qwen2.5-coder-0.5b/pc4_q4_gtf
ok,,pc4_q4,self,qwen2.5-coder-0.5b,en,role_student,sentence-transformers/all-MiniLM-L6-v2,0.375000,llama3.1:8b,0.300000,1.000000,2,2,0.000000,0.000000,0.000000,0.000000,-0.051735,0.000000,0.000000,0.000000,0.500000,0.444444,1.000000,0.615385,1.000000,1.000000,1.000000,0,0,0,0,0.149422,0.362066,/home/xinyi.liang/dev_python/llmaths/project/outputs/selected_responses/qwen2.5-coder-0.5b/en/role_student/pc4_q4_self.yaml,/home/xinyi.liang/dev_python/llmaths/project/data/ground_truth/en/pc4_q4.yaml,/home/xinyi.liang/dev_python/llmaths/project/outputs/evaluation/parsed_responses/en/role_student/with_judge/matrices/qwen2.5-coder-0.5b/pc4_q4_self
ok,,pc4_q4,seq,qwen2.5-coder-0.5b,en,role_student,sentence-transformers/all-MiniLM-L6-v2,0.375000,llama3.1:8b,0.300000,1.000000,2,2,0.500000,0.500000,0.333333,0.400000,-0.051735,0.000000,0.000000,0.000000,0.644993,0.555556,0.500000,0.526316,1.000000,1.000000,1.000000,0,0,0,0,0.364419,0.523314,/home/xinyi.liang/dev_python/llmaths/project/outputs/selected_responses/qwen2.5-coder-0.5b/en/role_student/pc4_q4_seq.yaml,/home/xinyi.liang/dev_python/llmaths/project/data/ground_truth/en/pc4_q4.yaml,/home/xinyi.liang/dev_python/llmaths/project/outputs/evaluation/parsed_responses/en/role_student/with_judge/matrices/qwen2.5-coder-0.5b/pc4_q4_seq
ok,,pc2_q1,acc,qwen3-0.6b,en,role_student,sentence-transformers/all-MiniLM-L6-v2,0.375000,llama3.1:8b,0.300000,1.000000,2,2,0.305484,0.200000,0.500000,0.285714,0.236539,0.000000,0.000000,0.000000,0.309464,0.150000,0.500000,0.230769,0.000000,0.000000,0.000000,6,0,0,6,0.283829,0.212872,/home/xinyi.liang/dev_python/llmaths/project/outputs/selected_responses/qwen3-0.6b/en/role_student/pc2_q1_acc.yaml,/home/xinyi.liang/dev_python/llmaths/project/data/ground_truth/en/pc2_q1.yaml,/home/xinyi.liang/dev_python/llmaths/project/outputs/evaluation/parsed_responses/en/role_student/with_judge/matrices/qwen3-0.6b/pc2_q1_acc
ok,,pc2_q1,self,qwen3-0.6b,en,role_student,sentence-transformers/all-MiniLM-L6-v2,0.375000,llama3.1:8b,0.300000,1.000000,2,2,0.469445,0.300000,1.000000,0.461538,0.192541,0.000000,0.000000,0.000000,0.335471,0.150000,0.500000,0.230769,1.000000,0.166667,0.166667,6,1,0,5,0.332485,0.291031,/home/xinyi.liang/dev_python/llmaths/project/outputs/selected_responses/qwen3-0.6b/en/role_student/pc2_q1_self.yaml,/home/xinyi.liang/dev_python/llmaths/project/data/ground_truth/en/pc2_q1.yaml,/home/xinyi.liang/dev_python/llmaths/project/outputs/evaluation/parsed_responses/en/role_student/with_judge/matrices/qwen3-0.6b/pc2_q1_self
ok,,pc4_q4,self,qwen3-0.6b,en,role_student,sentence-transformers/all-MiniLM-L6-v2,0.375000,llama3.1:8b,0.300000,1.000000,2,2,0.000000,0.000000,0.000000,0.000000,0.500000,0.500000,0.500000,0.500000,0.611111,0.555556,1.000000,0.714286,1.000000,1.000000,1.000000,0,0,0,0,0.370370,0.527778,/home/xinyi.liang/dev_python/llmaths/project/outputs/selected_responses/qwen3-0.6b/en/role_student/pc4_q4_self.yaml,/home/xinyi.liang/dev_python/llmaths/project/data/ground_truth/en/pc4_q4.yaml,/home/xinyi.liang/dev_python/llmaths/project/outputs/evaluation/parsed_responses/en/role_student/with_judge/matrices/qwen3-0.6b/pc4_q4_self
ok,,pc2_q1,acc,tinyllama,en,role_student,sentence-transformers/all-MiniLM-L6-v2,0.375000,llama3.1:8b,0.300000,1.000000,2,2,0.590606,0.500000,1.000000,0.666667,0.194364,0.000000,0.000000,0.000000,0.168968,0.000000,0.000000,0.000000,1.000000,0.500000,0.500000,6,3,0,3,0.317979,0.363485,/home/xinyi.liang/dev_python/llmaths/project/outputs/selected_responses/tinyllama/en/role_student/pc2_q1_acc.yaml,/home/xinyi.liang/dev_python/llmaths/project/data/ground_truth/en/pc2_q1.yaml,/home/xinyi.liang/dev_python/llmaths/project/outputs/evaluation/parsed_responses/en/role_student/with_judge/matrices/tinyllama/pc2_q1_acc
ok,,pc2_q1,gtf,tinyllama,en,role_student,sentence-transformers/all-MiniLM-L6-v2,0.375000,llama3.1:8b,0.300000,1.000000,2,2,0.253598,0.100000,0.500000,0.166667,0.480901,0.300000,0.500000,0.375000,0.373939,0.100000,0.500000,0.166667,0.000000,0.000000,0.000000,6,0,0,6,0.369480,0.277110,/home/xinyi.liang/dev_python/llmaths/project/outputs/selected_responses/tinyllama/en/role_student/pc2_q1_gtf.yaml,/home/xinyi.liang/dev_python/llmaths/project/data/ground_truth/en/pc2_q1.yaml,/home/xinyi.liang/dev_python/llmaths/project/outputs/evaluation/parsed_responses/en/role_student/with_judge/matrices/tinyllama/pc2_q1_gtf
ok,,pc2_q1,self,tinyllama,en,role_student,sentence-transformers/all-MiniLM-L6-v2,0.375000,llama3.1:8b,0.300000,1.000000,2,2,0.447579,0.100000,0.333333,0.153846,0.399375,0.200000,0.833333,0.322581,0.504076,0.200000,0.500000,0.285714,0.000000,0.166667,0.000000,6,0,1,5,0.450343,0.337758,/home/xinyi.liang/dev_python/llmaths/project/outputs/selected_responses/tinyllama/en/role_student/pc2_q1_self.yaml,/home/xinyi.liang/dev_python/llmaths/project/data/ground_truth/en/pc2_q1.yaml,/home/xinyi.liang/dev_python/llmaths/project/outputs/evaluation/parsed_responses/en/role_student/with_judge/matrices/tinyllama/pc2_q1_self
ok,,pc2_q1,seq,tinyllama,en,role_student,sentence-transformers/all-MiniLM-L6-v2,0.375000,llama3.1:8b,0.300000,1.000000,2,2,0.209688,0.000000,0.000000,0.000000,0.352855,0.100000,0.125000,0.111111,0.313460,0.100000,0.125000,0.111111,0.000000,0.000000,0.000000,6,0,0,6,0.292001,0.219001,/home/xinyi.liang/dev_python/llmaths/project/outputs/selected_responses/tinyllama/en/role_student/pc2_q1_seq.yaml,/home/xinyi.liang/dev_python/llmaths/project/data/ground_truth/en/pc2_q1.yaml,/home/xinyi.liang/dev_python/llmaths/project/outputs/evaluation/parsed_responses/en/role_student/with_judge/matrices/tinyllama/pc2_q1_seq
ok,,pc4_q4,acc,tinyllama,en,role_student,sentence-transformers/all-MiniLM-L6-v2,0.375000,llama3.1:8b,0.300000,1.000000,2,2,0.750000,0.500000,0.500000,0.500000,-0.051735,0.000000,0.000000,0.000000,0.444444,0.444444,1.000000,0.615385,1.000000,1.000000,1.000000,0,0,0,0,0.380903,0.535677,/home/xinyi.liang/dev_python/llmaths/project/outputs/selected_responses/tinyllama/en/role_student/pc4_q4_acc.yaml,/home/xinyi.liang/dev_python/llmaths/project/data/ground_truth/en/pc4_q4.yaml,/home/xinyi.liang/dev_python/llmaths/project/outputs/evaluation/parsed_responses/en/role_student/with_judge/matrices/tinyllama/pc4_q4_acc
ok,,pc4_q4,self,tinyllama,en,role_student,sentence-transformers/all-MiniLM-L6-v2,0.375000,llama3.1:8b,0.300000,1.000000,2,2,0.000000,0.000000,0.000000,0.000000,-0.051735,0.000000,0.000000,0.000000,0.666667,0.555556,1.000000,0.714286,1.000000,1.000000,1.000000,0,0,0,0,0.204977,0.403733,/home/xinyi.liang/dev_python/llmaths/project/outputs/selected_responses/tinyllama/en/role_student/pc4_q4_self.yaml,/home/xinyi.liang/dev_python/llmaths/project/data/ground_truth/en/pc4_q4.yaml,/home/xinyi.liang/dev_python/llmaths/project/outputs/evaluation/parsed_responses/en/role_student/with_judge/matrices/tinyllama/pc4_q4_self
ok,,pc4_q4,seq,tinyllama,en,role_student,sentence-transformers/all-MiniLM-L6-v2,0.375000,llama3.1:8b,0.300000,1.000000,2,2,0.250000,0.000000,0.000000,0.000000,-0.051735,0.000000,0.000000,0.000000,0.444444,0.444444,1.000000,0.615385,1.000000,1.000000,1.000000,0,0,0,0,0.214236,0.410677,/home/xinyi.liang/dev_python/llmaths/project/outputs/selected_responses/tinyllama/en/role_student/pc4_q4_seq.yaml,/home/xinyi.liang/dev_python/llmaths/project/data/ground_truth/en/pc4_q4.yaml,/home/xinyi.liang/dev_python/llmaths/project/outputs/evaluation/parsed_responses/en/role_student/with_judge/matrices/tinyllama/pc4_q4_seq
